44.88
89.5
44.8
44.86
89.5
44.99
45.03
44.89
45.0
89.98
45.01
90.0
0.04
0.04
45.0
44.88
45.05
45.01
25.18
89.71
89.74
44.85
45.03
89.98
45.05
89.74
45.01
89.71
28.79
89.68
44.96
44.92
44.98
44.96
89.93
44.95
45.04
74.11
45.0
44.99
89.77
0.12
44.98
44.94
44.94
14.5
89.91
45.05
44.93
45.11
89.89
45.06
45.09
45.04
4.46
22.2
89.88
25.36
28.69
0.33
38.59
45.13
25.88
89.87
45.16
28.4
41.69
89.79
45.01
0.05
19.95
45.1
89.85
45.05
32.95
89.79
45.07
37.15
89.91
44.92
11.76
26.09
44.96
43.61
44.93
0.28
89.67
89.84
48.59
46.58
45.06
89.78
0.34
89.74
0.29
45.0
89.49
45.04
73.1
89.66
81.2
45.05
89.8
